# SEMIMAJOR	SEMIMINOR	TILT	ANGULAR_WIDTH	HEIGHT_CENTRE	HEIGHT_APEX	INSTR	DATE	TIME	HEIGHT_ERR	EXP_TIME	TILT_ERR MAG_ERR tilt_err_deg	Max_H_front	APEX_ANGLE
      937.926      568.895      43.9464      48.4376      2129.88      2749.37 C2 2000/01/02 06:27:38.771      609.829       25.095700       28.018	90.44	0 0	338.10
      1246.38      1045.18      72.1292      64.5572      2230.71      3279.38 C2 2000/01/02 06:51:42.223      200.412       25.096700       13.744	107.1	0 0	334.54
      1833.16      1551.81      94.9875      68.8952      3053.93      4682.94 C2 2000/01/02 07:28:55.432      65.5246       25.103500       4.081	84.49	0 0	332.40
      2300.05      1794.63      99.4866      67.0885      3818.29      5800.28 C2 2000/01/02 07:51:41.943      32.9613       26.098600       1.444	60.69	0 0	329.73
      2563.07      2069.66      94.5903      69.2022      4195.15      6403.54 C2 2000/01/02 08:03:42.553      75.3335       25.099600       3.431	122.57	0 0	330.72
      4093.45      3077.32      66.8208      82.8476      5560.71      8696.34 C3 2000/01/02 08:39:43.372      125.276       19.091800       3.046	224.0	0 0	326.87
      4771.47      3720.21      60.3333      83.8544      6484.95      10208.0 C3 2000/01/02 09:15:19.771      57.6105       19.897000       2.177	246.4	0 0	327.14
      5353.07      4232.37      74.2812      85.5389      7159.31      11537.4 C3 2000/01/02 09:39:15.585      93.5368       19.274900       3.490	364.0	0 0	329.73
      6231.08      4941.44      78.5388      86.6885      8235.78      13411.2 C3 2000/01/02 10:15:15.887      182.944       19.099100       5.249	649.6	0 0	333.67
      6910.26      5399.49      73.0352      87.6224      8996.14      14561.0 C3 2000/01/02 10:39:16.898      260.725       19.090300       6.262	935.2	0 0	336.85
      7886.88      5990.09      69.1594      89.8514      9919.69      16063.7 C3 2000/01/02 11:15:17.000      114.644       19.095200       2.259	442.4	0 0	333.12
      8012.64      6360.89      72.5378      87.4495      10512.0      17044.8 C3 2000/01/02 11:39:08.135      117.253       20.095200       3.883	582.4	0 0	320.84
      9438.81      7028.24      71.5421      90.5029      11699.9      19032.5 C3 2000/01/02 12:15:08.313      79.4788       19.098600       1.881	392.0	0 0	316.21
      10761.5      7668.29      56.3696      97.2587      12190.3      19859.6 C3 2000/01/02 12:39:08.099      116.507       19.099100       1.717	481.6	0 0	327.54

