       1531.0000       552.26324
       1525.0000       551.86154
       1544.0000       554.81431
       1537.0000       553.80539
       1558.0000       558.25454
       1555.0000       557.89440
       1567.0000       561.78863
       1567.0000       561.88126
       1582.0000       567.31187
       1582.0000       567.08877
       1593.0000       572.72695
       1593.0000       572.10376
       1604.0000       579.12639
       1604.0000       579.12495
       1615.0000       586.50796
       1615.0000       586.14367
       1625.0000       593.85432
       1625.0000       593.16211
       1635.0000       602.14349
       1635.0000       602.20606
       1644.0000       611.41108
       1643.0000       610.20995
       1653.0000       620.64367
       1653.0000       620.25328
       1661.0000       630.81780
       1661.0000       630.27776
       1668.0000       640.94427
       1668.0000       640.30338
       1674.0000       652.03009
       1674.0000       651.33283
       1680.0000       663.08733
       1680.0000       663.36354
       1685.0000       674.11733
       1685.0000       674.39012
       1690.0000       686.09326
       1690.0000       686.41856
       1693.0000       698.03124
       1693.0000       698.44780
       1695.0000       709.94751
       1696.0000       711.47813
       1698.0000       722.82879
       1698.0000       723.50563
       1699.0000       734.69342
       1699.0000       736.53521
       1700.0000       747.51551
       1700.0000       749.56373
       1699.0000       760.31231
       1699.0000       761.58975
       1698.0000       773.10887
       1698.0000       774.61740
       1696.0000       784.88931
       1696.0000       786.64214
       1694.0000       797.65779
       1693.0000       799.66843
       1691.0000       809.41613
       1690.0000       811.69157
       1686.0000       821.16221
       1685.0000       823.71486
       1681.0000       832.91687
       1680.0000       834.73535
       1676.0000       843.67656
       1674.0000       846.75708
       1670.0000       854.43831
       1668.0000       857.77613
       1663.0000       865.19557
       1661.0000       867.79287
       1656.0000       874.97689
       1653.0000       877.80934
       1647.0000       884.74980
       1644.0000       887.82487
       1638.0000       893.54065
       1636.0000       895.84278
       1629.0000       902.33854
       1627.0000       904.85428
       1618.0000       910.15146
       1617.0000       911.86072
       1531.0000       552.25764
       1525.0000       551.86044
       1544.0000       554.73997
       1537.0000       553.80312
       1558.0000       558.25337
       1555.0000       557.89321
       1567.0000       561.65355
       1567.0000       561.88007
       1582.0000       567.14673
       1579.0000       566.86836
       1593.0000       572.54045
       1591.0000       571.88024
       1603.0000       578.89743
       1603.0000       578.89605
       1615.0000       586.27671
       1614.0000       585.89668
       1625.0000       593.60728
       1624.0000       592.89860
       1634.0000       601.86490
       1634.0000       601.92750
       1644.0000       611.13701
       1642.0000       609.91962
       1653.0000       620.35944
       1652.0000       619.95182
       1661.0000       630.52727
       1660.0000       629.97156
       1668.0000       640.64883
       1667.0000       639.99240
       1674.0000       651.73405
       1674.0000       651.03616
       1679.0000       662.77509
       1680.0000       663.06618
       1684.0000       673.80776
       1685.0000       674.09552
       1689.0000       685.78937
       1690.0000       686.12922
       1693.0000       697.74865
       1693.0000       698.16465
       1695.0000       709.67268
       1696.0000       711.20482
       1698.0000       722.56437
       1698.0000       723.24187
       1699.0000       734.43975
       1699.0000       736.28336
       1700.0000       747.27526
       1700.0000       749.32550
       1699.0000       760.08608
       1699.0000       761.36519
       1698.0000       772.89829
       1698.0000       774.40830
       1696.0000       784.69306
       1696.0000       786.44785
       1694.0000       797.47766
       1693.0000       799.49106
       1691.0000       809.25182
       1690.0000       811.53050
       1686.0000       821.01399
       1685.0000       823.57019
       1681.0000       832.78416
       1680.0000       834.60518
       1676.0000       843.55878
       1674.0000       846.64402
       1670.0000       854.33590
       1668.0000       857.67812
       1663.0000       865.10855
       1661.0000       867.70941
       1656.0000       874.90300
       1653.0000       877.73984
       1647.0000       884.69049
       1644.0000       887.76974
       1638.0000       893.49412
       1636.0000       895.79983
       1629.0000       902.30584
       1627.0000       904.82600
       1618.0000       910.13436
       1617.0000       911.84862
