       1515.0000       499.99784
       1498.0000       499.98914
       1531.0000       502.17745
       1525.0000       501.39860
       1549.0000       505.44589
       1549.0000       505.11177
       1558.0000       508.85873
       1561.0000       509.05742
       1575.0000       514.32970
       1575.0000       514.08449
       1586.0000       519.88779
       1586.0000       519.19773
       1600.0000       526.49295
       1600.0000       526.49138
       1612.0000       534.23606
       1611.0000       533.85106
       1623.0000       541.99406
       1622.0000       541.24322
       1633.0000       550.82927
       1633.0000       550.89888
       1643.0000       560.78491
       1642.0000       559.48522
       1653.0000       570.71755
       1653.0000       570.28267
       1661.0000       581.76470
       1661.0000       581.16422
       1669.0000       592.79021
       1669.0000       592.07681
       1675.0000       604.94799
       1675.0000       604.17011
       1682.0000       617.06890
       1682.0000       617.37659
       1687.0000       629.21842
       1687.0000       629.52303
       1691.0000       642.44916
       1691.0000       642.81249
       1694.0000       655.69237
       1695.0000       656.14310
       1697.0000       668.93269
       1697.0000       670.62842
       1699.0000       683.25676
       1699.0000       684.01330
       1700.0000       696.49133
       1700.0000       698.55022
       1699.0000       710.82514
       1699.0000       713.11492
       1698.0000       725.15761
       1698.0000       726.58610
       1695.0000       739.51376
       1695.0000       741.19999
       1692.0000       752.74263
       1692.0000       754.70204
       1688.0000       767.08418
       1687.0000       769.35384
       1682.0000       780.32522
       1681.0000       782.88956
       1676.0000       793.56604
       1674.0000       796.44886
       1669.0000       806.81739
       1668.0000       808.86796
       1661.0000       818.95930
       1657.0000       822.45607
       1650.0000       831.13206
       1647.0000       834.90196
       1638.0000       843.30533
       1635.0000       846.24574
       1627.0000       854.36723
       1622.0000       857.59240
       1611.0000       865.46781
       1606.0000       868.95779
       1595.0000       875.45877
       1589.0000       878.08623
       1572.0000       885.50305
       1564.0000       888.38092
       1544.0000       894.49112
       1531.0000       896.50483
