       1510.0000       500.09221
       1497.0000       500.00803
       1462.0000       503.47520
       1523.0000       501.43626
       1548.0000       505.46461
       1548.0000       505.13049
       1430.0000       511.24187
       1560.0000       509.07604
       1417.0000       517.24725
       1419.0000       516.96612
       1405.0000       523.20254
       1406.0000       522.49745
       1393.0000       530.24640
       1393.0000       530.24484
       1380.0000       538.39413
       1382.0000       537.95780
       1371.0000       546.45775
       1372.0000       545.67656
       1361.0000       555.58263
       1361.0000       555.65175
       1350.0000       565.82708
       1351.0000       564.50307
       1342.0000       575.98672
       1342.0000       575.55540
       1334.0000       587.20868
       1336.0000       586.58004
       1327.0000       598.38345
       1329.0000       597.64374
       1321.0000       610.62330
       1321.0000       609.85267
       1315.0000       622.83449
       1314.0000       623.15491
       1310.0000       635.01982
       1310.0000       635.32141
       1306.0000       648.23904
       1306.0000       648.59869
       1303.0000       661.43580
       1303.0000       661.89642
       1301.0000       674.61120
       1301.0000       676.28926
       1300.0000       688.82766
       1300.0000       689.57626
       1300.0000       701.93681
       1300.0000       703.97403
       1300.0000       716.10672
       1300.0000       718.37247
       1302.0000       730.25034
       1303.0000       731.65112
       1305.0000       744.38243
       1305.0000       746.05137
       1308.0000       757.40314
       1309.0000       759.33068
       1313.0000       771.49445
       1314.0000       773.71842
       1318.0000       784.47997
       1320.0000       786.98582
       1326.0000       797.43966
       1327.0000       800.26315
       1333.0000       810.41955
       1335.0000       812.42008
       1342.0000       822.27795
       1344.0000       825.68382
       1351.0000       834.14769
       1354.0000       837.82822
       1363.0000       845.99159
       1366.0000       848.85275
       1375.0000       856.75608
       1379.0000       859.87557
       1391.0000       867.48980
       1396.0000       870.86881
       1408.0000       877.12892
       1412.0000       879.65505
       1428.0000       886.75177
       1436.0000       889.48140
       1462.0000       895.18325
       1472.0000       896.99986
