       1474.0000       551.15025
       1523.0000       551.82246
       1462.0000       553.22073
       1535.0000       553.76645
       1448.0000       556.13082
       1452.0000       555.90458
       1436.0000       559.27719
       1436.0000       559.37031
       1423.0000       564.29715
       1423.0000       564.07262
       1412.0000       569.33305
       1414.0000       568.74287
       1401.0000       575.37062
       1401.0000       575.36917
       1390.0000       582.41027
       1390.0000       582.04267
       1379.0000       589.44525
       1380.0000       588.76412
       1370.0000       597.48059
       1370.0000       597.54382
       1360.0000       606.51825
       1361.0000       605.33811
       1350.0000       615.53456
       1350.0000       615.13938
       1342.0000       625.56823
       1342.0000       625.02123
       1335.0000       635.59898
       1336.0000       634.96555
       1328.0000       646.62977
       1329.0000       645.93839
       1322.0000       657.65835
       1322.0000       657.93855
       1316.0000       668.68492
       1316.0000       668.96178
       1312.0000       680.71027
       1313.0000       681.05477
       1308.0000       692.73375
       1309.0000       693.17055
       1304.0000       704.75545
       1304.0000       706.29684
       1302.0000       717.77601
       1303.0000       718.47642
       1300.0000       729.79363
       1300.0000       731.66515
       1300.0000       742.81070
       1300.0000       744.89206
       1300.0000       755.82597
       1300.0000       757.12403
       1300.0000       768.83995
       1300.0000       770.37276
       1302.0000       780.85135
       1302.0000       782.63210
       1304.0000       793.86252
       1304.0000       795.91466
       1308.0000       805.87152
       1309.0000       808.20066
       1312.0000       817.87918
       1313.0000       820.48791
       1316.0000       829.88691
       1317.0000       831.74878
       1322.0000       840.89242
       1324.0000       844.04818
       1328.0000       851.89789
       1330.0000       855.31120
       1335.0000       862.90234
       1337.0000       865.56177
       1342.0000       872.90618
       1344.0000       875.80718
       1350.0000       882.90905
       1353.0000       886.05764
       1358.0000       891.90521
       1362.0000       894.26797
       1368.0000       900.90725
       1372.0000       903.48187
       1377.0000       908.90634
       1380.0000       910.65264
       1474.0000       551.14463
       1523.0000       551.82137
       1462.0000       553.14615
       1535.0000       553.76418
       1448.0000       556.12965
       1452.0000       555.90338
       1436.0000       559.14140
       1436.0000       559.36911
       1423.0000       564.13095
       1426.0000       563.96502
       1412.0000       569.14518
       1414.0000       568.55557
       1401.0000       575.15845
       1401.0000       575.15707
       1390.0000       582.17692
       1391.0000       581.83008
       1379.0000       589.19576
       1380.0000       588.51615
       1370.0000       597.21681
       1370.0000       597.28008
       1360.0000       606.24105
       1361.0000       605.06196
       1350.0000       615.24685
       1351.0000       614.86822
       1342.0000       625.27396
       1343.0000       624.74428
       1335.0000       635.29957
       1336.0000       634.66670
       1328.0000       646.32959
       1329.0000       645.63759
       1322.0000       657.35698
       1322.0000       657.63688
       1316.0000       668.38570
       1316.0000       668.66279
       1312.0000       680.41621
       1312.0000       680.74678
       1308.0000       692.44676
       1308.0000       692.86924
       1304.0000       704.47627
       1304.0000       706.01921
       1302.0000       717.50736
       1303.0000       718.20845
       1300.0000       729.53586
       1300.0000       731.40923
       1300.0000       742.56656
       1300.0000       744.64998
       1300.0000       755.59608
       1301.0000       756.90704
       1300.0000       768.62598
       1300.0000       770.16029
       1302.0000       780.65197
       1302.0000       782.43472
       1304.0000       793.67954
       1304.0000       795.73450
       1308.0000       805.70466
       1309.0000       808.03711
       1312.0000       817.72873
       1313.0000       820.34107
       1316.0000       829.75223
       1317.0000       831.61671
       1322.0000       840.77295
       1323.0000       843.92578
       1328.0000       851.79406
       1330.0000       855.21185
       1335.0000       862.81416
       1337.0000       865.47722
       1342.0000       872.83134
       1344.0000       875.73680
       1350.0000       882.84903
       1352.0000       885.99579
       1358.0000       891.85816
       1362.0000       894.22454
       1368.0000       900.87420
       1372.0000       903.45330
       1377.0000       908.88907
       1380.0000       910.64043
