        1471         552
        1534         553
        1459         554
        1547         555
        1446         557
        1559         559
        1434         560
        1571         563
        1422         565
        1583         568
        1411         570
        1594         573
        1400         576
        1605         580
        1389         583
        1616         587
        1378         590
        1626         594
        1369         598
        1635         603
        1359         607
        1644         611
        1350         616
        1653         621
        1342         626
        1661         631
        1335         636
        1668         641
        1328         647
        1674         652
        1322         658
        1680         664
        1316         669
        1685         675
        1312         681
        1690         687
        1308         693
        1693         699
        1304         705
        1696         712
        1302         718
        1698         724
        1300         730
        1699         737
        1300         743
        1700         750
        1300         756
        1699         762
        1300         769
        1698         775
        1302         781
        1696         787
        1304         794
        1693         800
        1308         806
        1690         812
        1312         818
        1685         824
        1316         830
        1680         835
        1322         841
        1674         847
        1328         852
        1668         858
        1335         863
        1661         868
        1342         873
        1653         878
        1350         883
        1644         888
        1359         892
        1635         896
        1369         901
        1626         905
        1378         909
        1616         912
