       94.867579      -37.669774       10.913462
       87.676251      -36.263096       11.268456
       95.407567      -37.479401       10.947571
       88.218596      -36.114914       11.294892
       87.207803      -36.888218       11.146967
       86.966612      -36.830851       11.161617
       87.319088      -36.858594       11.152009
       87.077826      -36.801517       11.166607
       90.993636      -39.619212       10.523626
       80.750198      -36.994148       11.142002
       98.673747      -36.935469       10.983897
       88.370298      -35.167754       11.450332
       88.588421      -35.685450       11.351408
       88.351738      -35.633499       11.365534
       88.801333      -35.625660       11.362468
       88.564569      -35.574253       11.376489
       102.23458      -36.231462       11.035600
       88.490397      -34.136800       11.612018
       102.33191      -36.188319       11.044219
       88.592528      -34.108353       11.617681
       101.69960      -36.198958       11.051933
       88.835493      -34.227628       11.593734
       101.79737      -36.156353       11.060441
       88.937669      -34.198805       11.599473
       90.637429      -41.180684       10.115701
       74.504236      -36.388025       11.211645
       104.78747      -35.720626       11.054904
       88.460910      -33.440761       11.700218
       104.97168      -35.621574       11.071574
       88.658984      -33.375370       11.710049
       105.06463      -35.576786       11.080877
       88.759195      -33.347347       11.715835
       90.811281      -41.768699       9.9070522
       71.470989      -35.667187       11.300669
       108.04482      -34.720581       11.136598
       88.443849      -32.311426       11.855498
       91.076615      -41.702987       9.9202647
       71.702259      -35.652558       11.305215
       108.04593      -34.734350       11.139010
       88.445650      -32.324840       11.857688
       90.820518      -42.278002       9.7168622
       69.028650      -35.047326       11.364980
       110.42410      -33.928851       11.182543
       88.277647      -31.458097       11.950380
       90.655913      -42.211519       9.7414146
       69.148874      -35.073785       11.371634
       110.16185      -33.962005       11.190797
       88.282668      -31.495818       11.956399
       90.816607      -42.745239       9.5155520
       66.651299      -34.329604       11.434449
       112.97558      -32.892071       11.267403
       88.391198      -30.481233       12.056455
       90.816623      -42.745330       9.5155694
       66.651316      -34.329693       11.434463
       112.97558      -32.892161       11.267418
       88.391208      -30.481320       12.056469
       90.654381      -43.212310       9.2978954
       64.233662      -33.526285       11.510032
       115.28537      -31.850842       11.337310
       88.305717      -29.511447       12.144715
       90.946228      -43.149796       9.3123864
       64.456715      -33.534091       11.512110
       115.21296      -31.921730       11.329098
       88.215738      -29.558759       12.142014
       91.072458      -43.525648       9.1009395
       62.407419      -32.713803       11.583327
       117.45083      -30.827764       11.411686
       88.232364      -28.600607       12.222706
       91.060871      -43.491271       9.1202416
       62.522839      -32.751075       11.588482
       117.25691      -30.924482       11.404694
       88.146300      -28.667610       12.222831
       91.004279      -43.762773       8.8993045
       60.527540      -31.834407       11.660119
       119.23136      -29.779112       11.474677
       88.062590      -27.666907       12.289214
       91.003518      -43.758625       8.8985387
       60.526819      -31.830488       11.659567
       119.23121      -29.775040       11.474051
       88.062114      -27.663037       12.288663
       90.937919      -44.027102       8.6747537
       58.666064      -30.925365       11.727585
       121.07912      -28.642865       11.542796
       87.988098      -26.699418       12.342550
       90.932653      -44.023139       8.7000624
       58.848764      -31.038518       11.721442
       120.89745      -28.775115       11.538040
       88.007525      -26.814596       12.338623
       91.348392      -44.162495       8.4654872
       57.171311      -30.000893       11.799278
       122.86928      -27.494917       11.624929
       87.914591      -25.742361       12.399629
       91.353386      -44.189475       8.4703025
       57.175747      -30.025618       11.802514
       122.86985      -27.520835       11.628657
       87.917498      -25.766831       12.402896
       91.393114      -44.158198       8.2558780
       55.774524      -29.053226       11.857069
       124.25624      -26.383938       11.674505
       87.758122      -24.794564       12.431537
       91.728176      -44.096343       8.2725616
       55.978909      -29.084799       11.855708
       124.25685      -26.420140       11.679525
       87.762098      -24.828633       12.435928
       91.416392      -44.064831       8.0572807
       54.573966      -28.143942       11.904964
       125.49183      -25.279526       11.729745
       87.700340      -23.869663       12.458955
       91.570095      -43.970037       8.0809235
       54.775975      -28.183319       11.903611
       125.37670      -25.333564       11.731167
       87.705026      -23.910407       12.464026
       91.598230      -43.840631       7.8516129
       53.544362      -27.208929       11.933378
       126.59507      -24.192209       11.754552
       87.560299      -22.943936       12.460938
       91.412795      -43.852925       7.8659722
       53.552105      -27.253944       11.938613
       126.48142      -24.251156       11.755896
       87.565391      -22.988706       12.466303
       91.587983      -43.565168       7.6521264
       52.539384      -26.274983       11.968102
       127.61209      -23.071059       11.797791
       87.506918      -21.999667       12.472909
       91.408188      -43.597512       7.6437236
       52.442038      -26.257103       11.969856
       127.61198      -23.051949       11.795433
       87.504920      -21.981795       12.470853
       91.755750      -43.220245       7.4579727
       51.700416      -25.378483       11.988896
       128.51422      -22.031821       11.816851
       87.379211      -21.112537       12.466837
       91.751876      -43.198375       7.4546475
       51.697430      -25.360630       11.986988
       128.51416      -22.012737       11.814587
       87.377237      -21.094713       12.464864
       91.683525      -42.637527       7.2694834
       50.959802      -24.419963       12.004086
       129.13688      -20.985785       11.806662
       87.161703      -20.181955       12.450608
       91.472412      -42.568475       7.2714965
       50.956266      -24.398519       12.001895
       129.02674      -20.974523       11.798222
       87.159351      -20.160496       12.448332
       91.793526      -41.966812       7.0870628
       50.416199      -23.529735       11.987078
       129.70857      -19.973612       11.785223
       87.048105      -19.294848       12.414068
       91.577809      -41.888545       7.0880766
       50.411688      -23.502027       11.984371
       129.64325      -19.916914       11.792315
       87.129004      -19.247725       12.417830
       92.093632      -41.202064       6.9110675
       50.014643      -22.669144       11.952884
       130.27536      -18.955394       11.768510
       87.027863      -18.415459       12.371925
       92.071249      -41.065134       6.8931337
       49.953110      -22.534825       11.959987
       130.27558      -18.845305       11.757101
       86.924064      -18.300916       12.370695
       92.144353      -40.163313       6.7428632
       49.651504      -21.707212       11.928374
       130.57946      -17.921072       11.719714
       86.824370      -17.472197       12.328786
       91.919388      -40.057672       6.7410974
       49.644221      -21.661311       11.924299
       130.47134      -17.882767       11.708348
       86.819472      -17.426100       12.324522
       92.400406      -39.107985       6.5939358
       49.479802      -20.868707       11.875016
       130.84052      -16.986082       11.664982
       86.729758      -16.631008       12.270794
       92.372970      -38.926857       6.5729030
       49.459998      -20.742391       11.864338
       130.84099      -16.848881       11.652081
       86.716400      -16.504114       12.259612
       92.208849      -37.823757       6.4490574
       49.298250      -19.956463       11.818973
       130.80177      -16.059887       11.559574
       86.460175      -15.751012       12.196591
       92.178062      -37.613049       6.4262050
       49.276240      -19.814403       11.807581
       130.80229      -15.904783       11.545737
       86.445223      -15.608152       12.184642
       92.397659      -36.359295       6.3195252
       49.383593      -19.088597       11.722551
       130.76269      -15.117208       11.457274
       86.374746      -14.880483       12.107434
       92.568708      -36.160912       6.3116736
       49.459690      -18.997269       11.711096
       130.76300      -15.018958       11.448955
       86.365371      -14.790223       12.100264
       92.776809      -34.772587       6.2005488
       49.559623      -18.204204       11.624261
       130.63779      -14.222801       11.323671
       86.119145      -14.031683       12.007851
       92.754419      -34.603311       6.1846421
       49.543317      -18.096608       11.616510
       130.63812      -14.104689       11.314220
       86.107980      -13.923644       11.999734
       92.733035      -33.167194       6.1098506
       49.792743      -17.402421       11.516578
       130.28915      -13.407453       11.186064
       85.961824      -13.250752       11.907142
       92.895832      -32.901916       6.0984515
       49.864532      -17.273029       11.503411
       130.28941      -13.267794       11.175479
       85.948744      -13.123534       11.898082
       93.050161      -31.275321       6.0276972
       50.200382      -16.506195       11.397756
       129.88990      -12.523057       11.028285
       85.709382      -12.400766       11.797291
       93.207553      -30.969869       6.0146909
       50.316144      -16.378539       11.366554
       129.84505      -12.389396       10.999306
       85.701432      -12.276705       11.771360
       92.946500      -29.392356       5.9751186
       50.671095      -15.687317       11.269466
       129.16180      -11.774043       10.832721
       85.381614      -11.650089       11.672518
       93.068721      -28.956333       5.9743501
       50.878632      -15.531783       11.233358
       129.00016      -11.622796       10.796720
       85.370952      -11.503274       11.645693
       93.391864      -27.306822       5.9504987
       51.527769      -14.877940       11.097353
       128.41258      -10.997172       10.641121
       85.237154      -10.897497       11.530981
       93.325424      -26.889390       5.9417573
       51.642887      -14.699725       11.064945
       128.19745      -10.845987       10.587366
       85.135830      -10.742178       11.496817
       93.644643      -25.259313       5.9265346
       52.310514      -14.043121       10.933325
       127.59091      -10.219844       10.436598
       85.000626      -10.141927       11.385064
       93.766556      -24.880397       5.9329857
       52.532722      -13.910924       10.900985
       127.42032      -10.097314       10.404687
       84.992524      -10.023353       11.361024
       93.840910      -23.177401       5.9472485
       53.317337      -13.245746       10.770358
       126.44766      -9.5423196       10.214358
       84.676690      -9.4608491       11.239111
       93.737303      -22.607048       5.9520300
       53.584971      -13.026152       10.716845
       125.98465      -9.3914154       10.121652
       84.482385      -9.2924469       11.181197
       94.028306      -21.111242       5.9757713
       54.406020      -12.435892       10.595400
       125.09117      -8.9139718       9.9480896
       84.167388      -8.8136370       11.066316
       94.092173      -20.461449       5.9888262
       54.778701      -12.178905       10.539254
       124.66396      -8.7014589       9.8732805
       84.057842      -8.6031773       11.014383
       94.509174      -18.906817       6.0436361
       55.887758      -11.586057       10.400881
       123.48058      -8.2817619       9.6691334
       83.647508      -8.1666092       10.879656
       94.577274      -18.371657       6.0643350
       56.282257      -11.378678       10.349733
       123.03284      -8.1275212       9.6004004
       83.540089      -8.0100972       10.831151
       94.976903      -16.888000       6.1268708
       57.430736      -10.776667       10.218583
       121.85436      -7.6772649       9.4205958
       83.214044      -7.5631763       10.704956
       95.196716      -16.290247       6.1568077
       58.004564      -10.544262       10.150246
       121.25121      -7.5420194       9.3213810
       83.008447      -7.4163701       10.633758
       95.853147      -14.747150       6.2602579
       59.581589      -9.9161244       10.006086
       119.66177      -7.1699256       9.1003793
       82.480482      -7.0239950       10.481859
       96.021261      -14.088111       6.3070133
       60.284390      -9.6367286       9.9397741
       118.87865      -7.0027400       9.0023484
       82.263443      -6.8497296       10.410663
       96.832692      -12.790043       6.4181212
       61.937843      -9.0779276       9.8118412
       117.33079      -6.7202372       8.8001379
       81.724754      -6.5466713       10.264899
       96.664048      -12.295591       6.4682410
       62.493582      -8.8509932       9.7698528
       116.27965      -6.6506357       8.6947224
       81.304095      -6.4442305       10.202529
       97.814200      -10.808866       6.6261038
       64.712467      -8.1510356       9.6360015
       113.96124      -6.4153496       8.4140542
       80.219696      -6.1530604       10.014142
       98.195262      -10.183127       6.7166885
       65.728518      -7.8417607       9.5997964
       112.64713      -6.3600400       8.2896810
       79.570503      -6.0555477       9.9434772
       100.73927      -8.6382410       6.9908610
       69.333626      -7.0869996       9.4772263
       109.97794      -6.2965551       7.9962242
       78.321100      -5.9082812       9.7279156
       101.48106      -8.1129990       7.1073273
       70.521714      -6.7975483       9.4757878
       108.19393      -6.4483384       7.8220426
       77.009685      -5.9487685       9.6549216
