1119.90 738.306 33.8755 63.6231 1914.00 2749.82 C2 2000/01/02 06:30:05 90.44 25.0957
1246.32 1044.97 72.1314 64.5457 2230.91 3279.38 C2 2000/01/02 06:54:07 107.1 25.0967
1833.16 1551.81 94.9870 68.8947 3053.94 4682.94 C2 2000/01/02 07:31:19 84.49 25.1035
2299.98 1794.41 99.4705 67.0809 3818.55 5800.24 C2 2000/01/02 07:54:05 60.69 26.0986
2580.48 2307.50 75.5896 74.3525 4108.02 6424.23 C2 2000/01/02 08:06:05 122.5 25.0996
3446.94 2961.71 36.8995 102.072 4082.32 7134.72 C3 2000/01/02 08:18:05 617.6 19.0977
4032.30 3184.33 66.7786 85.0906 5432.83 8645.09 C3 2000/01/02 08:42:05 363.1 19.0918
4771.47 3720.13 60.3324 83.8531 6485.01 10208.0 C3 2000/01/02 09:18:05 246.4 19.8970
5119.17 4331.18 57.4012 87.2212 6900.24 11231.6 C3 2000/01/02 09:42:05 364.0 19.2749
5720.83 5146.81 42.8561 89.7980 7708.74 12924.1 C3 2000/01/02 10:18:05 649.6 19.0991
6073.04 5736.22 5.53860 91.8257 8229.20 14265.5 C3 2000/01/02 10:42:05 935.2 19.0903
6714.83 6254.77 0.51733 89.1667 9240.63 15840.8 C3 2000/01/02 11:18:05 442.4 19.0952
7882.15 6129.67 74.3826 83.7290 10700.9 17038.7 C3 2000/01/02 11:42:05 582.4 20.0952
9501.47 6775.98 69.5337 88.1097 11924.6 18999.8 C3 2000/01/02 12:18:05 392.0 19.0986
10795.9 7037.89 56.8207 90.9164 12741.4 19781.6 C3 2000/01/02 12:42:05 481.6 19.0991
