      4087.02      3099.69      65.6541      83.5003      5524.90      8668.64C3
2000/01/0208:42:05.422      210.659       19.091800
      4771.47      3720.21      60.3333      83.8544      6484.95      10208.0C3
2000/01/0209:18:05.701      167.605       19.897000
      5353.07      4232.37      74.2812      85.5389      7159.31      11537.4C3
2000/01/0209:42:05.887      305.107       19.274900
      6308.78      4929.87      78.4713      87.1296      8254.71      13437.1C3
2000/01/0210:18:05.565      483.751       19.099100
      6910.26      5399.49      73.0352      87.6224      8996.14      14561.0C3
2000/01/0210:42:05.951      597.310       19.090300
      7886.88      5990.09      69.1594      89.8514      9919.69      16063.7C3
2000/01/0211:18:05.429      300.006       19.095200
      8008.04      6417.32      77.6839      88.6443      10405.4      17077.2C3
2000/01/0211:42:05.515      363.126       20.095200
      9483.97      7250.41      71.9425      93.5721      11495.6      19039.5C3
2000/01/0212:18:05.693      230.238       19.098600
      10656.1      7714.50      55.5743      97.1114      12166.5      19883.4C3
2000/01/0212:42:05.479      302.586       19.099100
