  -89.55800   -56.66770     9.01768   670.56201   530.21161   727.93750   556.87500
  -90.88920   -56.30020     9.08261   668.56244   528.36884   719.93750   554.93750
  -91.97450   -55.95700     9.16768   665.56262   525.44659   712.00000   551.93750
  -92.71570   -55.63900     9.25510   661.87445   522.45776   704.87500   548.87500
  -93.60770   -55.32690     9.35760   658.18701   518.58502   696.93750   544.93750
  -94.19390   -55.11160     9.47253   653.93738   513.61627   689.93750   539.93750
  -94.73390   -54.89720     9.58720   649.62457   508.71469   683.00000   535.00000
  -95.36850   -54.77280     9.69133   646.74957   503.71826   677.00000   530.00000
  -95.86830   -54.61840     9.82245   642.24976   497.60822   670.00000   523.87500
  -96.18870   -54.55780     9.96058   637.62457   490.59204   663.87500   516.87500
  -96.56970   -54.53020    10.07230   634.49927   484.69418   658.87500   511.00000
  -96.93480   -54.61300    10.21260   631.12494   476.49625   653.87500   502.87500
  -97.33920   -54.63620    10.33630   628.12610   469.57788   648.87500   496.00000
  -97.63640   -54.76550    10.48950   624.49805   460.36401   644.00000   486.87500
  -97.87760   -54.96160    10.61250   622.37500   452.25162   641.00000   478.87500
  -98.36120   -55.14700    10.75020   620.62512   443.25781   637.00000   470.00000
  -98.70450   -55.33370    10.87230   618.99841   435.14496   633.87500   462.00000
  -98.85710   -55.67310    11.01280   617.24945   424.96420   632.00000   452.00000
  -99.23960   -55.97860    11.13590   616.86792   415.78815   630.12500   443.00000
  -99.71080   -56.27510    11.25870   616.88062   406.60922   628.12500   434.00000
 -100.08400   -56.66640    11.39230   617.00012   396.13184   627.00000   423.75000
 -100.36500   -57.09310    11.51240   617.62115   386.13593   627.00000   414.00000
 -100.86100   -57.49180    11.62180   619.37524   376.76318   626.87500   404.87500
 -101.35600   -57.92670    11.73990   621.24982   366.61359   627.00000   395.00000
 -101.96600   -58.40230    11.85340   624.24878   356.30188   627.75000   385.00000
 -102.33200   -58.90500    11.94530   627.24969   347.10815   630.00000   376.12500
 -102.77300   -59.40410    12.04140   630.49829   337.65314   632.12500   367.00000
 -103.40200   -59.98160    12.14150   635.23901   327.25436   635.00000   357.00000
 -104.22700   -60.53160    12.22790   641.12677   317.72424   638.00000   347.87500
 -105.24000   -61.05190    12.30480   647.87146   308.42950   641.00000   339.00000
 -105.86800   -61.58630    12.37590   653.37323   300.02994   644.87500   331.00000
 -106.75700   -62.18450    12.44000   660.87378   291.43619   649.75000   322.87500
 -107.78400   -62.78470    12.50160   669.12396   282.94397   654.87500   314.87500
 -109.29800   -63.36360    12.56050   679.50067   274.53540   659.87500   307.00000
 -110.64400   -63.96580    12.60440   689.74988   266.99393   666.00000   300.00000
 -112.67800   -64.51990    12.63830   703.00128   260.06595   672.00000   292.75000
 -115.68300   -64.99570    12.66630   720.37579   253.54091   678.00000   286.87500
