# n_clusters 5
# cluster 0
           3          17          25          27          29          31
          33          35          37          39          41          43
          45          47          49          51          53          55
          57          69          77          81          83
      0.71578947      0.69252078      0.74022776      0.68728390      0.66894335
      0.65689032      0.64759725      0.64424951      0.60333761      0.62573099
      0.56774916      0.55889724      0.57746479      0.62200957      0.59714100
      0.64878543      0.65263158      0.64828739      0.67902150      0.72219208
      0.72610097      0.66315789      0.56140351
      0.69987523      0.65327903      0.48361576      0.53628857      0.60237206
      0.64133440      0.63907913      0.67742553      0.71618615      0.69385214
      0.70034022      0.74695769      0.78169547      0.73370328      0.72012533
      0.68609159      0.64176516      0.64394443      0.59821302      0.61790040
      0.51505270      0.74252238      0.72354969
# cluster 1
           5           7           9          11          13          15
          19          21          23          59          61          63
          65          67          71          73          75          79
          86          87
      0.96127110      0.86632225      0.78646617      0.94192377      0.87890780
      0.81140351      0.87426901      0.79719298      0.81633772      0.73069036
      0.75069252      0.83846408      0.79938978      0.99598232      0.83676583
      0.94013158      0.83670715      0.91679655      0.89473684       1.0000000
      0.43069363      0.51142245      0.47176050      0.33730919      0.41522822
      0.45806537      0.34623722      0.35831670      0.40649192      0.43254117
      0.45910862      0.36973309      0.43160973      0.33305244      0.42635332
      0.40250528      0.40956948      0.50293579       0.0000000       0.0000000
# cluster 2
