#	Mid_a	Mid_r	Top_a	Top_r	Bottom_a	Bottom_r	Midtop_a	Midtop_r	Midbottom_a	Midbottom_r	Date_obs
      31.1785829122350364       2.4094744259307919      46.1633145445059085       1.9456362749727456      16.1938512799641678       2.2057281794089127      38.6709487283704760       2.2406727778074380      23.6862170960996039       2.4527260983993333	2008-12-12T06:05:00.005
      30.3461180102089685       2.5141565402004336      44.9614230726044468       1.9702674693712741      15.7308129478134919       2.3804542648684888      37.6537705414067077       2.3506320664912397      23.0384654790112293       2.5666622646391763	2008-12-12T06:15:00.005
      29.8006057186724327       2.6147438524705380      45.1833503783114523       1.9684878273831565      14.4178610590334113       2.2897611731623608      37.4919780484919443       2.4125591513059224      22.1092333888529211       2.6587818697293009	2008-12-12T06:25:00.006
      27.3438067170759140       2.7607799910119133      43.6106170031427709       2.0255273051577487      11.0769964310090572       2.3130356165586683      35.4772118601093425       2.5755974968740718      19.2104015740424856       2.7439537585588152	2008-12-12T06:35:00.005
      26.4927601242411264       2.9076037863298345      43.0910983412566182       2.1087946253921435       9.8944219072256328       2.4186718778405978      34.7919292327488705       2.6969228388264868      18.1935910157333787       2.8915897340788708	2008-12-12T06:45:00.005
      25.4164989567205559       3.0931212437718556      42.3134001740787724       2.1605495207563510       8.5195977393623377       2.4254720247679313      33.8649495653996624       2.8655216229072589      16.9680483480414459       3.0552489541320709	2008-12-12T06:55:00.007
      24.2393669311299220       3.4078623224109719      40.8593694615771454       2.1788237120172660       7.6193644006826950       2.5195489566452558      32.5493681963535337       3.0668966504263149      15.9293656659063085       3.3155744150760365	2008-12-12T07:05:00.007
      23.4809657442090547       3.6302502348205183      40.2685110721244186       2.2199177458041479       6.6934204162936899       2.2592689490357438      31.8747384081667349       3.1912504477457233      15.0871930802513727       3.4690878248494186	2008-12-12T07:15:00.007
      21.1393516872446341       4.1168853943635844      39.0166892070237878       2.3136744500463622       3.2620141674654795       2.4919796249226800      30.0780204471342110       3.5666040826459477      12.2006829273550572       3.7771746847838839	2008-12-12T07:35:00.005
      13.5378016642048138       5.2437378817273199      28.0178302483372619       3.9188400539179034     359.0577730800723657       3.7533954272017067      20.7778159562710378       5.1722619542299650       6.2977873721385897       4.8322295452853741	2008-12-12T08:22:00.005
      12.2068843085615129       6.0023419802010292      29.6905703108469083       3.9969513432588903     354.7231983062761174       3.8918035281883303      20.9487273097042106       5.8133290656155285       3.4650413074188151       5.3389916893571874	2008-12-12T08:52:00.005
      10.9158327040671779       6.5834502301659734      29.7321383675526789       4.2261973444772671     352.0995270405816768       4.3776553971040109      20.3239855358099284       6.4472290354758854       1.5076798723244274       5.7852193515196833	2008-12-12T09:22:00.006
      10.2812423745699419       7.2522559992363202      30.5707272344737078       4.6080333702838150     349.9917575146661761       4.9773847814517964      20.4259848045218249       6.9949665267519903       0.1364999446180590       6.4687644555957524	2008-12-12T09:52:00.005
      10.5064280737299427       8.1267849411961208      30.1573959450164892       5.3416082831872576     350.8554602024433962       5.8151433637837862      20.3319120093732160       7.8104462993149006       0.6809441380866694       7.2776870288237188	2008-12-12T10:22:00.005
       9.7969741212102832       8.7954069775711812      29.7364038551733358       5.9918808414696318     349.8575443872472306       6.5974871506339960      19.7666889881918095       8.6401673943904296     359.8272592542287498       8.0672106794521810	2008-12-12T10:52:00.005
       7.6695781125462759       9.7699892096136249      29.5902390650576876       6.3018768897060085     345.7489171600348641       4.9369190301047388      18.6299085888019818       9.6941601560614288     356.7092476362905700       8.6320633570775822	2008-12-12T11:22:00.005
       6.7493252848773864      10.8724969353911742      29.2099649029825059       7.5094755601197365     344.2886856667722668       5.9107621271034603      17.9796450939299461      10.8215169326899456     355.5190054758248266       9.6397968163768937	2008-12-12T11:52:00.004
       6.2497508227724978      12.0417224614753042      28.8527371974024334       8.0176998510325230     343.6467644481425623       6.9967484971790102      17.5512440100874656      12.0629401181907596     354.9482576354575372      10.4332724290370358	2008-12-12T12:22:00.004
       5.7046007832379146      13.0674248161714068      28.3477638736598720       8.7326498821114900     343.0614376928159572       7.2784380922353913      17.0261823284488933      13.0603051787869546     354.3830192380269182      11.3907001007150157	2008-12-12T12:52:00.006
       6.1159723017118353      14.1767055939008895      28.7753562708416837       9.5557402835629812     343.4565883325819868       8.2443095602267586      17.4456642862767595      14.1483578396260405     354.7862803171469182      12.5725902842197765	2008-12-12T13:22:00.005
       5.7804395190942657      15.2206725918311321      28.8096560509507498      10.6668096421458998     342.7512229872377816       9.2550681146087506      17.2950477850225077      14.8662422259217042     354.2658312531660272      13.8062740105536275	2008-12-12T13:52:00.005
       5.3938126832846152      16.3657375448207496      28.6628559434330015      11.3138666157548364     342.1247694231362289      10.2711215117907564      17.0283343133588083      16.1730548565198475     353.7592910532104042      14.8228269882821717	2008-12-12T14:22:00.006
       5.8990982387926110      17.5453572786449996      28.9406575366607370      12.1034143267821914     342.8575389409244849      11.3426021355299014      17.4198778877266740      17.0526331822911636     354.3783185898585657      16.2342987553190490	2008-12-12T14:52:00.005
       4.7926223881081569      24.1796553525395055      22.1445468849215104      21.1070732457847825     347.4406978912948034      20.9771605985998768      13.4685846365148336      23.6881183936420641     356.1166601397014801      23.7011956195070752	2008-12-12T16:49:01.005
       4.7543957785157076      26.1086052200765124      23.4846420343896369      22.6157053936069872     346.0241495226417783      23.2101473113936265      14.1195189064526723      25.6285855285680135     355.3892726505787323      25.4905900778753676	2008-12-12T17:29:01.029
       5.0342551025704196      27.5485165615486665      26.4975434123875715      23.1594442408721370     343.5709667927532678      22.4880433201444099      15.7658992574789956      26.9101239919505524     354.3026109476618331      26.5706978748738223	2008-12-12T18:09:01.006
       3.3945027490981801      28.9525999720197298      27.2655518458351196      24.9033582758049761     339.5234536523612405      23.2376386401107737      15.3300272974666498      28.4793009793280838     351.4589782007296890      27.3886104370882713	2008-12-12T18:49:01.007
       3.5342462607319405      30.9406690359057635      28.9158952125343802      25.9074085455794112     338.1525973089295007      24.4907511074543827      16.2250707366331604      30.0834298486289349     350.8434217848306957      29.2638891662253293	2008-12-12T19:29:01.027
       2.5815259322508552      32.4107100560997807      27.1662995925130986      28.7985009701953523     337.9967522719886119      25.2269737342074656      14.8739127623819769      32.2791774676317829     350.2891391021197478      30.3328168154572388	2008-12-12T20:09:01.007
       1.4455971456169863      34.5345060188208848      26.2226404860069522      29.8979092083309510     336.6685538052270203      24.7737530067287111      13.8341188158119692      34.1849657482467393     349.0570754754219820      32.4604939836546436	2008-12-12T20:49:01.005
       4.3937392748127095      36.2431394894881720      31.9258385857027776      27.9498521463444369     336.8616399639226415      23.9852342921417403      18.1597889302577435      35.3457814823541554     350.6276896193676862      34.0150743571804313	2008-12-12T21:29:01.006
       3.5007554652166988      38.4004213862672330      31.6186200123790684      28.7539527014257850     335.3828909180543292      24.8951636943070440      17.5596877387978836      37.3754400202729897     349.4418231916355353      35.9451222911498647	2008-12-12T22:09:01.006
       3.7254429485310965      39.6448235702845153      32.0580432473964549      29.8508895323307613     335.3928426496657380      26.1968160286208906      17.8917430979637757      38.5937082280408958     349.5591427990984243      37.2063081851833388	2008-12-12T22:49:01.479
       3.1652966983192030      41.3680479082135051      32.0867138355004755      30.7707291643442566     334.2438795611379305      26.5694996472165172      17.6260052669098393      40.6692484692840566     348.7045881297285632      38.1262554021369056	2008-12-12T23:29:01.544
       3.3472711316523558      42.5581265723038129      34.4752315302209951      31.2908524260567660     332.2193107330837165      25.7054119489913688      18.9112513309366754      41.6678446723453462     347.7832909323680610      38.2922959104242082	2008-12-13T00:09:01.005
       3.6608439152706680      44.5062262471935171      34.6643697979370558      32.1682129619090347     332.6573180326042802      28.9833358275892650      19.1626068566038619      44.0064366394881219     348.1590809739374777      40.7254383486561977	2008-12-13T00:49:01.000
       2.5882743039208265      45.9429740054474181      36.0830801103235785      32.5716681065891009     329.0934684975180744      29.8020566426490490      19.3356772071222025      45.0948059581034641     345.8408714007194362      40.9644308576932090	2008-12-13T01:29:01.710
