    6.81047    42.35200     1.35917   657.30347  1544.40955  1486.85999  1548.30005
    5.81223    41.27040     1.38610   634.52191  1544.80090  1497.09998  1545.73999
    4.98462    40.25380     1.41981   611.11456  1548.28467  1509.90002  1545.73999
    4.18532    38.72860     1.47362   578.08978  1553.76062  1532.93994  1545.73999
    4.53106    38.33470     1.50242   570.42841  1561.65369  1548.30005  1550.85999
    3.84089    37.20830     1.54729   542.43445  1566.11292  1566.21997  1550.85999
    3.48479    36.47770     1.57798   524.33069  1569.13123  1579.02002  1550.85999
    3.27581    35.84580     1.62179   503.99121  1578.42017  1596.93994  1555.97998
    4.22296    35.66380     1.65190   504.01807  1588.96973  1617.42004  1563.66003
    4.50973    35.60610     1.68645   496.16809  1602.38208  1632.78003  1573.90002
    3.22737    35.21800     1.74124   460.76291  1617.61670  1643.02002  1584.14001
    4.68630    35.15670     1.76490   470.75696  1627.59412  1666.06006  1591.81995
    5.22324    34.26090     1.80856   457.88538  1631.89209  1694.21997  1591.81995
    7.13650    33.21060     1.85877   461.31689  1636.80151  1740.30005  1591.81995
    5.75157    31.87550     1.94161   407.13004  1644.69214  1768.45996  1591.81995
    5.76346    30.33730     2.02248   371.06689  1647.24365  1811.97998  1586.69995
    6.22144    28.08700     2.12610   329.83517  1641.55493  1875.97998  1571.33997
    6.79399    26.82830     2.21720   301.73166  1647.32568  1929.73999  1568.78003
